TABLE NO.     1: First Order Conditional Estimation with Interaction: Problem=1 Subproblem=0 Superproblem1=0 Iteration1=0 Superproblem2=0 Iteration2=0
 NAME         THETA1       THETA2       THETA3       THETA4       THETA5       THETA6       SIGMA(1,1)   OMEGA(1,1)   OMEGA(2,1)   OMEGA(2,2)   OMEGA(3,1)   OMEGA(3,2)   OMEGA(3,3)
 THETA1        3.10164E+00 -3.05698E+01  1.13497E+00  8.53405E+00 -3.00529E+00  1.42417E+02  0.00000E+00  9.36061E+01  0.00000E+00  2.02198E+01  0.00000E+00  0.00000E+00 -1.46217E+00
 THETA2       -3.05698E+01  1.04277E+03 -2.89898E+01  3.60660E+02 -5.47503E+02 -6.30505E+02  0.00000E+00 -1.14056E+03  0.00000E+00  1.12112E+02  0.00000E+00  0.00000E+00  1.77137E+01
 THETA3        1.13497E+00 -2.89898E+01  5.51855E+00 -7.41314E+00  4.88220E+01  1.65474E+02  0.00000E+00  4.86826E+01  0.00000E+00 -4.02895E+01  0.00000E+00  0.00000E+00 -5.27803E+00
 THETA4        8.53405E+00  3.60660E+02 -7.41314E+00  2.03418E+04  8.76045E+02 -1.72314E+04  0.00000E+00  7.49874E+02  0.00000E+00 -2.73694E+03  0.00000E+00  0.00000E+00 -1.43973E+02
 THETA5       -3.00529E+00 -5.47503E+02  4.88220E+01  8.76045E+02  2.65942E+03 -6.23655E+03  0.00000E+00  3.68806E+01  0.00000E+00  1.74704E+03  0.00000E+00  0.00000E+00 -3.62577E+01
 THETA6        1.42417E+02 -6.30505E+02  1.65474E+02 -1.72314E+04 -6.23655E+03  4.00951E+05  0.00000E+00  4.25484E+04  0.00000E+00  4.58812E+02  0.00000E+00  0.00000E+00  3.88485E+01
 SIGMA(1,1)    0.00000E+00  0.00000E+00  0.00000E+00  0.00000E+00  0.00000E+00  0.00000E+00  0.00000E+00  0.00000E+00  0.00000E+00  0.00000E+00  0.00000E+00  0.00000E+00  0.00000E+00
 OMEGA(1,1)    9.36061E+01 -1.14056E+03  4.86826E+01  7.49874E+02  3.68806E+01  4.25484E+04  0.00000E+00  1.79128E+04  0.00000E+00 -4.36904E+03  0.00000E+00  0.00000E+00 -6.96930E+01
 OMEGA(2,1)    0.00000E+00  0.00000E+00  0.00000E+00  0.00000E+00  0.00000E+00  0.00000E+00  0.00000E+00  0.00000E+00  0.00000E+00  0.00000E+00  0.00000E+00  0.00000E+00  0.00000E+00
 OMEGA(2,2)    2.02198E+01  1.12112E+02 -4.02895E+01 -2.73694E+03  1.74704E+03  4.58812E+02  0.00000E+00 -4.36904E+03  0.00000E+00  2.34363E+04  0.00000E+00  0.00000E+00  3.85833E+01
 OMEGA(3,1)    0.00000E+00  0.00000E+00  0.00000E+00  0.00000E+00  0.00000E+00  0.00000E+00  0.00000E+00  0.00000E+00  0.00000E+00  0.00000E+00  0.00000E+00  0.00000E+00  0.00000E+00
 OMEGA(3,2)    0.00000E+00  0.00000E+00  0.00000E+00  0.00000E+00  0.00000E+00  0.00000E+00  0.00000E+00  0.00000E+00  0.00000E+00  0.00000E+00  0.00000E+00  0.00000E+00  0.00000E+00
 OMEGA(3,3)   -1.46217E+00  1.77137E+01 -5.27803E+00 -1.43973E+02 -3.62577E+01  3.88485E+01  0.00000E+00 -6.96930E+01  0.00000E+00  3.85833E+01  0.00000E+00  0.00000E+00  8.51331E+00
