TABLE NO.     2: Objective Function Evaluation by Importance Sampling: Problem=1 Subproblem=0 Superproblem1=0 Iteration1=0 Superproblem2=0 Iteration2=0
 NAME         THETA1       THETA2       THETA3       THETA4       THETA5       THETA6       THETA7       THETA8       THETA9       THETA10      THETA11      THETA12      THETA13      SIGMA(1,1)   SIGMA(2,1)   SIGMA(2,2)   OMEGA(1,1)   OMEGA(2,1)   OMEGA(2,2)   OMEGA(3,1)   OMEGA(3,2)   OMEGA(3,3)   OMEGA(4,1)   OMEGA(4,2)   OMEGA(4,3)   OMEGA(4,4)   OMEGA(5,1)   OMEGA(5,2)   OMEGA(5,3)   OMEGA(5,4)   OMEGA(5,5)   OMEGA(6,1)   OMEGA(6,2)   OMEGA(6,3)   OMEGA(6,4)   OMEGA(6,5)   OMEGA(6,6)   OMEGA(7,1)   OMEGA(7,2)   OMEGA(7,3)   OMEGA(7,4)   OMEGA(7,5)   OMEGA(7,6)   OMEGA(7,7)
 THETA1        5.62068E-01  1.88702E-03 -5.27919E-01  8.28237E-01 -3.95136E-02  1.68017E-02  1.90874E-02 -5.60057E-02  1.34036E-04  6.33041E-01 -1.86155E-04  1.94358E-03 -1.74115E-03 -4.65812E-04  0.00000E+00  0.00000E+00 -4.87487E-05  0.00000E+00  4.06919E-02  0.00000E+00  0.00000E+00  1.44379E-05  0.00000E+00  0.00000E+00  0.00000E+00  0.00000E+00  0.00000E+00  0.00000E+00  0.00000E+00  0.00000E+00 -5.82994E-03  0.00000E+00  0.00000E+00  0.00000E+00  0.00000E+00  0.00000E+00  2.04590E-03  0.00000E+00  0.00000E+00  0.00000E+00  0.00000E+00  0.00000E+00  0.00000E+00  5.07550E-03
 THETA2        1.88702E-03  3.97214E-04 -3.96825E-03  3.32513E-04 -2.33002E-04  2.87159E-03  2.49016E-03 -5.11386E-03 -2.64055E-05 -3.53197E-04  3.54233E-05  5.19846E-05  2.45280E-04 -5.17659E-05  0.00000E+00  0.00000E+00 -4.69795E-05  0.00000E+00  4.83679E-04  0.00000E+00  0.00000E+00  2.17116E-05  0.00000E+00  0.00000E+00  0.00000E+00  0.00000E+00  0.00000E+00  0.00000E+00  0.00000E+00  0.00000E+00  2.25802E-03  0.00000E+00  0.00000E+00  0.00000E+00  0.00000E+00  0.00000E+00  7.51350E-05  0.00000E+00  0.00000E+00  0.00000E+00  0.00000E+00  0.00000E+00  0.00000E+00  1.20098E-04
 THETA3       -5.27919E-01 -3.96825E-03  1.18045E+00 -1.85321E+00  1.83085E-02 -9.71922E-02 -7.38925E-02  3.49649E-02  2.18374E-04 -1.90144E-01  3.11453E-03 -3.84727E-03 -1.91260E-03  7.71750E-04  0.00000E+00  0.00000E+00  5.74720E-05  0.00000E+00 -9.56471E-02  0.00000E+00  0.00000E+00 -1.79012E-04  0.00000E+00  0.00000E+00  0.00000E+00  0.00000E+00  0.00000E+00  0.00000E+00  0.00000E+00  0.00000E+00  3.77162E-02  0.00000E+00  0.00000E+00  0.00000E+00  0.00000E+00  0.00000E+00 -2.85948E-03  0.00000E+00  0.00000E+00  0.00000E+00  0.00000E+00  0.00000E+00  0.00000E+00  8.01561E-03
 THETA4        8.28237E-01  3.32513E-04 -1.85321E+00  4.33742E+00 -4.62170E-02  1.64346E-01  1.35032E-01 -1.71470E-01 -6.43692E-04 -6.30550E-01 -6.39611E-03  4.48377E-03  1.21361E-02 -9.61378E-04  0.00000E+00  0.00000E+00  2.77238E-03  0.00000E+00  1.94319E-01  0.00000E+00  0.00000E+00  4.69297E-04  0.00000E+00  0.00000E+00  0.00000E+00  0.00000E+00  0.00000E+00  0.00000E+00  0.00000E+00  0.00000E+00 -3.27226E-02  0.00000E+00  0.00000E+00  0.00000E+00  0.00000E+00  0.00000E+00  7.69603E-03  0.00000E+00  0.00000E+00  0.00000E+00  0.00000E+00  0.00000E+00  0.00000E+00 -2.97091E-02
 THETA5       -3.95136E-02 -2.33002E-04  1.83085E-02 -4.62170E-02  1.07650E-02 -2.20786E-03 -7.64051E-04  1.48787E-02  7.84806E-05  2.31766E-02  3.95755E-04 -8.85845E-05 -1.52683E-03  8.99962E-05  0.00000E+00  0.00000E+00 -1.01663E-04  0.00000E+00 -5.71546E-03  0.00000E+00  0.00000E+00 -2.87222E-05  0.00000E+00  0.00000E+00  0.00000E+00  0.00000E+00  0.00000E+00  0.00000E+00  0.00000E+00  0.00000E+00 -7.01195E-03  0.00000E+00  0.00000E+00  0.00000E+00  0.00000E+00  0.00000E+00 -3.55380E-04  0.00000E+00  0.00000E+00  0.00000E+00  0.00000E+00  0.00000E+00  0.00000E+00  6.20760E-04
 THETA6        1.68017E-02  2.87159E-03 -9.71922E-02  1.64346E-01 -2.20786E-03  8.01638E-02  3.00758E-02 -7.47157E-02 -2.58082E-04 -6.78110E-02 -3.39229E-04  1.08166E-03  5.55972E-03 -4.05751E-04  0.00000E+00  0.00000E+00 -9.21002E-05  0.00000E+00  1.72748E-02  0.00000E+00  0.00000E+00  1.87429E-04  0.00000E+00  0.00000E+00  0.00000E+00  0.00000E+00  0.00000E+00  0.00000E+00  0.00000E+00  0.00000E+00  2.31085E-02  0.00000E+00  0.00000E+00  0.00000E+00  0.00000E+00  0.00000E+00  1.28391E-03  0.00000E+00  0.00000E+00  0.00000E+00  0.00000E+00  0.00000E+00  0.00000E+00 -1.15307E-03
 THETA7        1.90874E-02  2.49016E-03 -7.38925E-02  1.35032E-01 -7.64051E-04  3.00758E-02  5.18525E-02 -3.52393E-02 -1.81774E-04 -2.28464E-02 -6.52910E-04  6.50661E-04 -4.03011E-03 -3.33855E-04  0.00000E+00  0.00000E+00 -2.87532E-04  0.00000E+00  8.73864E-03  0.00000E+00  0.00000E+00  1.86142E-04  0.00000E+00  0.00000E+00  0.00000E+00  0.00000E+00  0.00000E+00  0.00000E+00  0.00000E+00  0.00000E+00  1.23884E-02  0.00000E+00  0.00000E+00  0.00000E+00  0.00000E+00  0.00000E+00  4.89084E-04  0.00000E+00  0.00000E+00  0.00000E+00  0.00000E+00  0.00000E+00  0.00000E+00 -2.86476E-04
 THETA8       -5.60057E-02 -5.11386E-03  3.49649E-02 -1.71470E-01  1.48787E-02 -7.47157E-02 -3.52393E-02  2.19339E-01  5.31552E-04  1.24015E-01  2.12698E-03 -1.31768E-03 -2.94191E-02  7.73918E-04  0.00000E+00  0.00000E+00 -1.92081E-04  0.00000E+00 -2.71976E-02  0.00000E+00  0.00000E+00 -3.50348E-04  0.00000E+00  0.00000E+00  0.00000E+00  0.00000E+00  0.00000E+00  0.00000E+00  0.00000E+00  0.00000E+00 -7.23797E-02  0.00000E+00  0.00000E+00  0.00000E+00  0.00000E+00  0.00000E+00 -3.36367E-03  0.00000E+00  0.00000E+00  0.00000E+00  0.00000E+00  0.00000E+00  0.00000E+00  2.49035E-03
 THETA9        1.34036E-04 -2.64055E-05  2.18374E-04 -6.43692E-04  7.84806E-05 -2.58082E-04 -1.81774E-04  5.31552E-04  4.51618E-06  2.19129E-03  5.35415E-05  2.53003E-05 -5.87026E-05  4.66978E-06  0.00000E+00  0.00000E+00 -3.68358E-07  0.00000E+00 -1.20684E-04  0.00000E+00  0.00000E+00 -1.12671E-06  0.00000E+00  0.00000E+00  0.00000E+00  0.00000E+00  0.00000E+00  0.00000E+00  0.00000E+00  0.00000E+00 -2.43722E-04  0.00000E+00  0.00000E+00  0.00000E+00  0.00000E+00  0.00000E+00 -8.33749E-06  0.00000E+00  0.00000E+00  0.00000E+00  0.00000E+00  0.00000E+00  0.00000E+00  3.69906E-05
 THETA10       6.33041E-01 -3.53197E-04 -1.90144E-01 -6.30550E-01  2.31766E-02 -6.78110E-02 -2.28464E-02  1.24015E-01  2.19129E-03  4.54858E+00  1.71229E-03  1.07289E-03 -2.77243E-02  3.75525E-04  0.00000E+00  0.00000E+00 -1.33003E-03  0.00000E+00 -7.70992E-02  0.00000E+00  0.00000E+00 -5.77562E-04  0.00000E+00  0.00000E+00  0.00000E+00  0.00000E+00  0.00000E+00  0.00000E+00  0.00000E+00  0.00000E+00 -1.22049E-01  0.00000E+00  0.00000E+00  0.00000E+00  0.00000E+00  0.00000E+00 -2.75546E-03  0.00000E+00  0.00000E+00  0.00000E+00  0.00000E+00  0.00000E+00  0.00000E+00  5.09602E-02
 THETA11      -1.86155E-04  3.54233E-05  3.11453E-03 -6.39611E-03  3.95755E-04 -3.39229E-04 -6.52910E-04  2.12698E-03  5.35415E-05  1.71229E-03  5.39441E-03  5.44569E-04 -4.96804E-04 -1.88230E-06  0.00000E+00  0.00000E+00 -1.34133E-04  0.00000E+00 -1.43711E-03  0.00000E+00  0.00000E+00  5.79503E-05  0.00000E+00  0.00000E+00  0.00000E+00  0.00000E+00  0.00000E+00  0.00000E+00  0.00000E+00  0.00000E+00 -3.66804E-04  0.00000E+00  0.00000E+00  0.00000E+00  0.00000E+00  0.00000E+00 -2.66467E-05  0.00000E+00  0.00000E+00  0.00000E+00  0.00000E+00  0.00000E+00  0.00000E+00  1.16055E-03
 THETA12       1.94358E-03  5.19846E-05 -3.84727E-03  4.48377E-03 -8.85845E-05  1.08166E-03  6.50661E-04 -1.31768E-03  2.53003E-05  1.07289E-03  5.44569E-04  2.38783E-03  6.89809E-06 -8.73026E-06  0.00000E+00  0.00000E+00 -3.99045E-05  0.00000E+00 -5.55975E-04  0.00000E+00  0.00000E+00  1.60962E-05  0.00000E+00  0.00000E+00  0.00000E+00  0.00000E+00  0.00000E+00  0.00000E+00  0.00000E+00  0.00000E+00  9.65931E-04  0.00000E+00  0.00000E+00  0.00000E+00  0.00000E+00  0.00000E+00  3.70515E-05  0.00000E+00  0.00000E+00  0.00000E+00  0.00000E+00  0.00000E+00  0.00000E+00  4.63178E-04
 THETA13      -1.74115E-03  2.45280E-04 -1.91260E-03  1.21361E-02 -1.52683E-03  5.55972E-03 -4.03011E-03 -2.94191E-02 -5.87026E-05 -2.77243E-02 -4.96804E-04  6.89809E-06  7.12272E-03 -5.16846E-05  0.00000E+00  0.00000E+00  1.27445E-04  0.00000E+00  4.51562E-03  0.00000E+00  0.00000E+00  1.54629E-06  0.00000E+00  0.00000E+00  0.00000E+00  0.00000E+00  0.00000E+00  0.00000E+00  0.00000E+00  0.00000E+00  8.94716E-03  0.00000E+00  0.00000E+00  0.00000E+00  0.00000E+00  0.00000E+00  4.44564E-04  0.00000E+00  0.00000E+00  0.00000E+00  0.00000E+00  0.00000E+00  0.00000E+00 -1.17861E-03
 SIGMA(1,1)   -4.65812E-04 -5.17659E-05  7.71750E-04 -9.61378E-04  8.99962E-05 -4.05751E-04 -3.33855E-04  7.73918E-04  4.66978E-06  3.75525E-04 -1.88230E-06 -8.73026E-06 -5.16846E-05  9.24821E-06  0.00000E+00  0.00000E+00  4.22336E-06  0.00000E+00 -1.25420E-04  0.00000E+00  0.00000E+00 -2.95258E-06  0.00000E+00  0.00000E+00  0.00000E+00  0.00000E+00  0.00000E+00  0.00000E+00  0.00000E+00  0.00000E+00 -3.38999E-04  0.00000E+00  0.00000E+00  0.00000E+00  0.00000E+00  0.00000E+00 -1.36335E-05  0.00000E+00  0.00000E+00  0.00000E+00  0.00000E+00  0.00000E+00  0.00000E+00 -1.01350E-05
 SIGMA(2,1)    0.00000E+00  0.00000E+00  0.00000E+00  0.00000E+00  0.00000E+00  0.00000E+00  0.00000E+00  0.00000E+00  0.00000E+00  0.00000E+00  0.00000E+00  0.00000E+00  0.00000E+00  0.00000E+00  0.00000E+00  0.00000E+00  0.00000E+00  0.00000E+00  0.00000E+00  0.00000E+00  0.00000E+00  0.00000E+00  0.00000E+00  0.00000E+00  0.00000E+00  0.00000E+00  0.00000E+00  0.00000E+00  0.00000E+00  0.00000E+00  0.00000E+00  0.00000E+00  0.00000E+00  0.00000E+00  0.00000E+00  0.00000E+00  0.00000E+00  0.00000E+00  0.00000E+00  0.00000E+00  0.00000E+00  0.00000E+00  0.00000E+00  0.00000E+00
 SIGMA(2,2)    0.00000E+00  0.00000E+00  0.00000E+00  0.00000E+00  0.00000E+00  0.00000E+00  0.00000E+00  0.00000E+00  0.00000E+00  0.00000E+00  0.00000E+00  0.00000E+00  0.00000E+00  0.00000E+00  0.00000E+00  0.00000E+00  0.00000E+00  0.00000E+00  0.00000E+00  0.00000E+00  0.00000E+00  0.00000E+00  0.00000E+00  0.00000E+00  0.00000E+00  0.00000E+00  0.00000E+00  0.00000E+00  0.00000E+00  0.00000E+00  0.00000E+00  0.00000E+00  0.00000E+00  0.00000E+00  0.00000E+00  0.00000E+00  0.00000E+00  0.00000E+00  0.00000E+00  0.00000E+00  0.00000E+00  0.00000E+00  0.00000E+00  0.00000E+00
 OMEGA(1,1)   -4.87487E-05 -4.69795E-05  5.74720E-05  2.77238E-03 -1.01663E-04 -9.21002E-05 -2.87532E-04 -1.92081E-04 -3.68358E-07 -1.33003E-03 -1.34133E-04 -3.99045E-05  1.27445E-04  4.22336E-06  0.00000E+00  0.00000E+00  9.77108E-05  0.00000E+00  1.39703E-04  0.00000E+00  0.00000E+00 -2.18780E-05  0.00000E+00  0.00000E+00  0.00000E+00  0.00000E+00  0.00000E+00  0.00000E+00  0.00000E+00  0.00000E+00  7.10905E-05  0.00000E+00  0.00000E+00  0.00000E+00  0.00000E+00  0.00000E+00 -2.97200E-05  0.00000E+00  0.00000E+00  0.00000E+00  0.00000E+00  0.00000E+00  0.00000E+00 -6.30018E-05
 OMEGA(2,1)    0.00000E+00  0.00000E+00  0.00000E+00  0.00000E+00  0.00000E+00  0.00000E+00  0.00000E+00  0.00000E+00  0.00000E+00  0.00000E+00  0.00000E+00  0.00000E+00  0.00000E+00  0.00000E+00  0.00000E+00  0.00000E+00  0.00000E+00  0.00000E+00  0.00000E+00  0.00000E+00  0.00000E+00  0.00000E+00  0.00000E+00  0.00000E+00  0.00000E+00  0.00000E+00  0.00000E+00  0.00000E+00  0.00000E+00  0.00000E+00  0.00000E+00  0.00000E+00  0.00000E+00  0.00000E+00  0.00000E+00  0.00000E+00  0.00000E+00  0.00000E+00  0.00000E+00  0.00000E+00  0.00000E+00  0.00000E+00  0.00000E+00  0.00000E+00
 OMEGA(2,2)    4.06919E-02  4.83679E-04 -9.56471E-02  1.94319E-01 -5.71546E-03  1.72748E-02  8.73864E-03 -2.71976E-02 -1.20684E-04 -7.70992E-02 -1.43711E-03 -5.55975E-04  4.51562E-03 -1.25420E-04  0.00000E+00  0.00000E+00  1.39703E-04  0.00000E+00  4.86226E-02  0.00000E+00  0.00000E+00  1.64574E-06  0.00000E+00  0.00000E+00  0.00000E+00  0.00000E+00  0.00000E+00  0.00000E+00  0.00000E+00  0.00000E+00 -7.31986E-03  0.00000E+00  0.00000E+00  0.00000E+00  0.00000E+00  0.00000E+00  7.80202E-04  0.00000E+00  0.00000E+00  0.00000E+00  0.00000E+00  0.00000E+00  0.00000E+00 -5.55195E-03
 OMEGA(3,1)    0.00000E+00  0.00000E+00  0.00000E+00  0.00000E+00  0.00000E+00  0.00000E+00  0.00000E+00  0.00000E+00  0.00000E+00  0.00000E+00  0.00000E+00  0.00000E+00  0.00000E+00  0.00000E+00  0.00000E+00  0.00000E+00  0.00000E+00  0.00000E+00  0.00000E+00  0.00000E+00  0.00000E+00  0.00000E+00  0.00000E+00  0.00000E+00  0.00000E+00  0.00000E+00  0.00000E+00  0.00000E+00  0.00000E+00  0.00000E+00  0.00000E+00  0.00000E+00  0.00000E+00  0.00000E+00  0.00000E+00  0.00000E+00  0.00000E+00  0.00000E+00  0.00000E+00  0.00000E+00  0.00000E+00  0.00000E+00  0.00000E+00  0.00000E+00
 OMEGA(3,2)    0.00000E+00  0.00000E+00  0.00000E+00  0.00000E+00  0.00000E+00  0.00000E+00  0.00000E+00  0.00000E+00  0.00000E+00  0.00000E+00  0.00000E+00  0.00000E+00  0.00000E+00  0.00000E+00  0.00000E+00  0.00000E+00  0.00000E+00  0.00000E+00  0.00000E+00  0.00000E+00  0.00000E+00  0.00000E+00  0.00000E+00  0.00000E+00  0.00000E+00  0.00000E+00  0.00000E+00  0.00000E+00  0.00000E+00  0.00000E+00  0.00000E+00  0.00000E+00  0.00000E+00  0.00000E+00  0.00000E+00  0.00000E+00  0.00000E+00  0.00000E+00  0.00000E+00  0.00000E+00  0.00000E+00  0.00000E+00  0.00000E+00  0.00000E+00
 OMEGA(3,3)    1.44379E-05  2.17116E-05 -1.79012E-04  4.69297E-04 -2.87222E-05  1.87429E-04  1.86142E-04 -3.50348E-04 -1.12671E-06 -5.77562E-04  5.79503E-05  1.60962E-05  1.54629E-06 -2.95258E-06  0.00000E+00  0.00000E+00 -2.18780E-05  0.00000E+00  1.64574E-06  0.00000E+00  0.00000E+00  2.85645E-05  0.00000E+00  0.00000E+00  0.00000E+00  0.00000E+00  0.00000E+00  0.00000E+00  0.00000E+00  0.00000E+00  1.31362E-04  0.00000E+00  0.00000E+00  0.00000E+00  0.00000E+00  0.00000E+00  1.61746E-05  0.00000E+00  0.00000E+00  0.00000E+00  0.00000E+00  0.00000E+00  0.00000E+00 -2.27575E-05
 OMEGA(4,1)    0.00000E+00  0.00000E+00  0.00000E+00  0.00000E+00  0.00000E+00  0.00000E+00  0.00000E+00  0.00000E+00  0.00000E+00  0.00000E+00  0.00000E+00  0.00000E+00  0.00000E+00  0.00000E+00  0.00000E+00  0.00000E+00  0.00000E+00  0.00000E+00  0.00000E+00  0.00000E+00  0.00000E+00  0.00000E+00  0.00000E+00  0.00000E+00  0.00000E+00  0.00000E+00  0.00000E+00  0.00000E+00  0.00000E+00  0.00000E+00  0.00000E+00  0.00000E+00  0.00000E+00  0.00000E+00  0.00000E+00  0.00000E+00  0.00000E+00  0.00000E+00  0.00000E+00  0.00000E+00  0.00000E+00  0.00000E+00  0.00000E+00  0.00000E+00
 OMEGA(4,2)    0.00000E+00  0.00000E+00  0.00000E+00  0.00000E+00  0.00000E+00  0.00000E+00  0.00000E+00  0.00000E+00  0.00000E+00  0.00000E+00  0.00000E+00  0.00000E+00  0.00000E+00  0.00000E+00  0.00000E+00  0.00000E+00  0.00000E+00  0.00000E+00  0.00000E+00  0.00000E+00  0.00000E+00  0.00000E+00  0.00000E+00  0.00000E+00  0.00000E+00  0.00000E+00  0.00000E+00  0.00000E+00  0.00000E+00  0.00000E+00  0.00000E+00  0.00000E+00  0.00000E+00  0.00000E+00  0.00000E+00  0.00000E+00  0.00000E+00  0.00000E+00  0.00000E+00  0.00000E+00  0.00000E+00  0.00000E+00  0.00000E+00  0.00000E+00
 OMEGA(4,3)    0.00000E+00  0.00000E+00  0.00000E+00  0.00000E+00  0.00000E+00  0.00000E+00  0.00000E+00  0.00000E+00  0.00000E+00  0.00000E+00  0.00000E+00  0.00000E+00  0.00000E+00  0.00000E+00  0.00000E+00  0.00000E+00  0.00000E+00  0.00000E+00  0.00000E+00  0.00000E+00  0.00000E+00  0.00000E+00  0.00000E+00  0.00000E+00  0.00000E+00  0.00000E+00  0.00000E+00  0.00000E+00  0.00000E+00  0.00000E+00  0.00000E+00  0.00000E+00  0.00000E+00  0.00000E+00  0.00000E+00  0.00000E+00  0.00000E+00  0.00000E+00  0.00000E+00  0.00000E+00  0.00000E+00  0.00000E+00  0.00000E+00  0.00000E+00
 OMEGA(4,4)    0.00000E+00  0.00000E+00  0.00000E+00  0.00000E+00  0.00000E+00  0.00000E+00  0.00000E+00  0.00000E+00  0.00000E+00  0.00000E+00  0.00000E+00  0.00000E+00  0.00000E+00  0.00000E+00  0.00000E+00  0.00000E+00  0.00000E+00  0.00000E+00  0.00000E+00  0.00000E+00  0.00000E+00  0.00000E+00  0.00000E+00  0.00000E+00  0.00000E+00  0.00000E+00  0.00000E+00  0.00000E+00  0.00000E+00  0.00000E+00  0.00000E+00  0.00000E+00  0.00000E+00  0.00000E+00  0.00000E+00  0.00000E+00  0.00000E+00  0.00000E+00  0.00000E+00  0.00000E+00  0.00000E+00  0.00000E+00  0.00000E+00  0.00000E+00
 OMEGA(5,1)    0.00000E+00  0.00000E+00  0.00000E+00  0.00000E+00  0.00000E+00  0.00000E+00  0.00000E+00  0.00000E+00  0.00000E+00  0.00000E+00  0.00000E+00  0.00000E+00  0.00000E+00  0.00000E+00  0.00000E+00  0.00000E+00  0.00000E+00  0.00000E+00  0.00000E+00  0.00000E+00  0.00000E+00  0.00000E+00  0.00000E+00  0.00000E+00  0.00000E+00  0.00000E+00  0.00000E+00  0.00000E+00  0.00000E+00  0.00000E+00  0.00000E+00  0.00000E+00  0.00000E+00  0.00000E+00  0.00000E+00  0.00000E+00  0.00000E+00  0.00000E+00  0.00000E+00  0.00000E+00  0.00000E+00  0.00000E+00  0.00000E+00  0.00000E+00
 OMEGA(5,2)    0.00000E+00  0.00000E+00  0.00000E+00  0.00000E+00  0.00000E+00  0.00000E+00  0.00000E+00  0.00000E+00  0.00000E+00  0.00000E+00  0.00000E+00  0.00000E+00  0.00000E+00  0.00000E+00  0.00000E+00  0.00000E+00  0.00000E+00  0.00000E+00  0.00000E+00  0.00000E+00  0.00000E+00  0.00000E+00  0.00000E+00  0.00000E+00  0.00000E+00  0.00000E+00  0.00000E+00  0.00000E+00  0.00000E+00  0.00000E+00  0.00000E+00  0.00000E+00  0.00000E+00  0.00000E+00  0.00000E+00  0.00000E+00  0.00000E+00  0.00000E+00  0.00000E+00  0.00000E+00  0.00000E+00  0.00000E+00  0.00000E+00  0.00000E+00
 OMEGA(5,3)    0.00000E+00  0.00000E+00  0.00000E+00  0.00000E+00  0.00000E+00  0.00000E+00  0.00000E+00  0.00000E+00  0.00000E+00  0.00000E+00  0.00000E+00  0.00000E+00  0.00000E+00  0.00000E+00  0.00000E+00  0.00000E+00  0.00000E+00  0.00000E+00  0.00000E+00  0.00000E+00  0.00000E+00  0.00000E+00  0.00000E+00  0.00000E+00  0.00000E+00  0.00000E+00  0.00000E+00  0.00000E+00  0.00000E+00  0.00000E+00  0.00000E+00  0.00000E+00  0.00000E+00  0.00000E+00  0.00000E+00  0.00000E+00  0.00000E+00  0.00000E+00  0.00000E+00  0.00000E+00  0.00000E+00  0.00000E+00  0.00000E+00  0.00000E+00
 OMEGA(5,4)    0.00000E+00  0.00000E+00  0.00000E+00  0.00000E+00  0.00000E+00  0.00000E+00  0.00000E+00  0.00000E+00  0.00000E+00  0.00000E+00  0.00000E+00  0.00000E+00  0.00000E+00  0.00000E+00  0.00000E+00  0.00000E+00  0.00000E+00  0.00000E+00  0.00000E+00  0.00000E+00  0.00000E+00  0.00000E+00  0.00000E+00  0.00000E+00  0.00000E+00  0.00000E+00  0.00000E+00  0.00000E+00  0.00000E+00  0.00000E+00  0.00000E+00  0.00000E+00  0.00000E+00  0.00000E+00  0.00000E+00  0.00000E+00  0.00000E+00  0.00000E+00  0.00000E+00  0.00000E+00  0.00000E+00  0.00000E+00  0.00000E+00  0.00000E+00
 OMEGA(5,5)   -5.82994E-03  2.25802E-03  3.77162E-02 -3.27226E-02 -7.01195E-03  2.31085E-02  1.23884E-02 -7.23797E-02 -2.43722E-04 -1.22049E-01 -3.66804E-04  9.65931E-04  8.94716E-03 -3.38999E-04  0.00000E+00  0.00000E+00  7.10905E-05  0.00000E+00 -7.31986E-03  0.00000E+00  0.00000E+00  1.31362E-04  0.00000E+00  0.00000E+00  0.00000E+00  0.00000E+00  0.00000E+00  0.00000E+00  0.00000E+00  0.00000E+00  9.91551E-02  0.00000E+00  0.00000E+00  0.00000E+00  0.00000E+00  0.00000E+00  6.20340E-04  0.00000E+00  0.00000E+00  0.00000E+00  0.00000E+00  0.00000E+00  0.00000E+00 -1.53062E-03
 OMEGA(6,1)    0.00000E+00  0.00000E+00  0.00000E+00  0.00000E+00  0.00000E+00  0.00000E+00  0.00000E+00  0.00000E+00  0.00000E+00  0.00000E+00  0.00000E+00  0.00000E+00  0.00000E+00  0.00000E+00  0.00000E+00  0.00000E+00  0.00000E+00  0.00000E+00  0.00000E+00  0.00000E+00  0.00000E+00  0.00000E+00  0.00000E+00  0.00000E+00  0.00000E+00  0.00000E+00  0.00000E+00  0.00000E+00  0.00000E+00  0.00000E+00  0.00000E+00  0.00000E+00  0.00000E+00  0.00000E+00  0.00000E+00  0.00000E+00  0.00000E+00  0.00000E+00  0.00000E+00  0.00000E+00  0.00000E+00  0.00000E+00  0.00000E+00  0.00000E+00
 OMEGA(6,2)    0.00000E+00  0.00000E+00  0.00000E+00  0.00000E+00  0.00000E+00  0.00000E+00  0.00000E+00  0.00000E+00  0.00000E+00  0.00000E+00  0.00000E+00  0.00000E+00  0.00000E+00  0.00000E+00  0.00000E+00  0.00000E+00  0.00000E+00  0.00000E+00  0.00000E+00  0.00000E+00  0.00000E+00  0.00000E+00  0.00000E+00  0.00000E+00  0.00000E+00  0.00000E+00  0.00000E+00  0.00000E+00  0.00000E+00  0.00000E+00  0.00000E+00  0.00000E+00  0.00000E+00  0.00000E+00  0.00000E+00  0.00000E+00  0.00000E+00  0.00000E+00  0.00000E+00  0.00000E+00  0.00000E+00  0.00000E+00  0.00000E+00  0.00000E+00
 OMEGA(6,3)    0.00000E+00  0.00000E+00  0.00000E+00  0.00000E+00  0.00000E+00  0.00000E+00  0.00000E+00  0.00000E+00  0.00000E+00  0.00000E+00  0.00000E+00  0.00000E+00  0.00000E+00  0.00000E+00  0.00000E+00  0.00000E+00  0.00000E+00  0.00000E+00  0.00000E+00  0.00000E+00  0.00000E+00  0.00000E+00  0.00000E+00  0.00000E+00  0.00000E+00  0.00000E+00  0.00000E+00  0.00000E+00  0.00000E+00  0.00000E+00  0.00000E+00  0.00000E+00  0.00000E+00  0.00000E+00  0.00000E+00  0.00000E+00  0.00000E+00  0.00000E+00  0.00000E+00  0.00000E+00  0.00000E+00  0.00000E+00  0.00000E+00  0.00000E+00
 OMEGA(6,4)    0.00000E+00  0.00000E+00  0.00000E+00  0.00000E+00  0.00000E+00  0.00000E+00  0.00000E+00  0.00000E+00  0.00000E+00  0.00000E+00  0.00000E+00  0.00000E+00  0.00000E+00  0.00000E+00  0.00000E+00  0.00000E+00  0.00000E+00  0.00000E+00  0.00000E+00  0.00000E+00  0.00000E+00  0.00000E+00  0.00000E+00  0.00000E+00  0.00000E+00  0.00000E+00  0.00000E+00  0.00000E+00  0.00000E+00  0.00000E+00  0.00000E+00  0.00000E+00  0.00000E+00  0.00000E+00  0.00000E+00  0.00000E+00  0.00000E+00  0.00000E+00  0.00000E+00  0.00000E+00  0.00000E+00  0.00000E+00  0.00000E+00  0.00000E+00
 OMEGA(6,5)    0.00000E+00  0.00000E+00  0.00000E+00  0.00000E+00  0.00000E+00  0.00000E+00  0.00000E+00  0.00000E+00  0.00000E+00  0.00000E+00  0.00000E+00  0.00000E+00  0.00000E+00  0.00000E+00  0.00000E+00  0.00000E+00  0.00000E+00  0.00000E+00  0.00000E+00  0.00000E+00  0.00000E+00  0.00000E+00  0.00000E+00  0.00000E+00  0.00000E+00  0.00000E+00  0.00000E+00  0.00000E+00  0.00000E+00  0.00000E+00  0.00000E+00  0.00000E+00  0.00000E+00  0.00000E+00  0.00000E+00  0.00000E+00  0.00000E+00  0.00000E+00  0.00000E+00  0.00000E+00  0.00000E+00  0.00000E+00  0.00000E+00  0.00000E+00
 OMEGA(6,6)    2.04590E-03  7.51350E-05 -2.85948E-03  7.69603E-03 -3.55380E-04  1.28391E-03  4.89084E-04 -3.36367E-03 -8.33749E-06 -2.75546E-03 -2.66467E-05  3.70515E-05  4.44564E-04 -1.36335E-05  0.00000E+00  0.00000E+00 -2.97200E-05  0.00000E+00  7.80202E-04  0.00000E+00  0.00000E+00  1.61746E-05  0.00000E+00  0.00000E+00  0.00000E+00  0.00000E+00  0.00000E+00  0.00000E+00  0.00000E+00  0.00000E+00  6.20340E-04  0.00000E+00  0.00000E+00  0.00000E+00  0.00000E+00  0.00000E+00  2.72339E-04  0.00000E+00  0.00000E+00  0.00000E+00  0.00000E+00  0.00000E+00  0.00000E+00 -1.05215E-04
 OMEGA(7,1)    0.00000E+00  0.00000E+00  0.00000E+00  0.00000E+00  0.00000E+00  0.00000E+00  0.00000E+00  0.00000E+00  0.00000E+00  0.00000E+00  0.00000E+00  0.00000E+00  0.00000E+00  0.00000E+00  0.00000E+00  0.00000E+00  0.00000E+00  0.00000E+00  0.00000E+00  0.00000E+00  0.00000E+00  0.00000E+00  0.00000E+00  0.00000E+00  0.00000E+00  0.00000E+00  0.00000E+00  0.00000E+00  0.00000E+00  0.00000E+00  0.00000E+00  0.00000E+00  0.00000E+00  0.00000E+00  0.00000E+00  0.00000E+00  0.00000E+00  0.00000E+00  0.00000E+00  0.00000E+00  0.00000E+00  0.00000E+00  0.00000E+00  0.00000E+00
 OMEGA(7,2)    0.00000E+00  0.00000E+00  0.00000E+00  0.00000E+00  0.00000E+00  0.00000E+00  0.00000E+00  0.00000E+00  0.00000E+00  0.00000E+00  0.00000E+00  0.00000E+00  0.00000E+00  0.00000E+00  0.00000E+00  0.00000E+00  0.00000E+00  0.00000E+00  0.00000E+00  0.00000E+00  0.00000E+00  0.00000E+00  0.00000E+00  0.00000E+00  0.00000E+00  0.00000E+00  0.00000E+00  0.00000E+00  0.00000E+00  0.00000E+00  0.00000E+00  0.00000E+00  0.00000E+00  0.00000E+00  0.00000E+00  0.00000E+00  0.00000E+00  0.00000E+00  0.00000E+00  0.00000E+00  0.00000E+00  0.00000E+00  0.00000E+00  0.00000E+00
 OMEGA(7,3)    0.00000E+00  0.00000E+00  0.00000E+00  0.00000E+00  0.00000E+00  0.00000E+00  0.00000E+00  0.00000E+00  0.00000E+00  0.00000E+00  0.00000E+00  0.00000E+00  0.00000E+00  0.00000E+00  0.00000E+00  0.00000E+00  0.00000E+00  0.00000E+00  0.00000E+00  0.00000E+00  0.00000E+00  0.00000E+00  0.00000E+00  0.00000E+00  0.00000E+00  0.00000E+00  0.00000E+00  0.00000E+00  0.00000E+00  0.00000E+00  0.00000E+00  0.00000E+00  0.00000E+00  0.00000E+00  0.00000E+00  0.00000E+00  0.00000E+00  0.00000E+00  0.00000E+00  0.00000E+00  0.00000E+00  0.00000E+00  0.00000E+00  0.00000E+00
 OMEGA(7,4)    0.00000E+00  0.00000E+00  0.00000E+00  0.00000E+00  0.00000E+00  0.00000E+00  0.00000E+00  0.00000E+00  0.00000E+00  0.00000E+00  0.00000E+00  0.00000E+00  0.00000E+00  0.00000E+00  0.00000E+00  0.00000E+00  0.00000E+00  0.00000E+00  0.00000E+00  0.00000E+00  0.00000E+00  0.00000E+00  0.00000E+00  0.00000E+00  0.00000E+00  0.00000E+00  0.00000E+00  0.00000E+00  0.00000E+00  0.00000E+00  0.00000E+00  0.00000E+00  0.00000E+00  0.00000E+00  0.00000E+00  0.00000E+00  0.00000E+00  0.00000E+00  0.00000E+00  0.00000E+00  0.00000E+00  0.00000E+00  0.00000E+00  0.00000E+00
 OMEGA(7,5)    0.00000E+00  0.00000E+00  0.00000E+00  0.00000E+00  0.00000E+00  0.00000E+00  0.00000E+00  0.00000E+00  0.00000E+00  0.00000E+00  0.00000E+00  0.00000E+00  0.00000E+00  0.00000E+00  0.00000E+00  0.00000E+00  0.00000E+00  0.00000E+00  0.00000E+00  0.00000E+00  0.00000E+00  0.00000E+00  0.00000E+00  0.00000E+00  0.00000E+00  0.00000E+00  0.00000E+00  0.00000E+00  0.00000E+00  0.00000E+00  0.00000E+00  0.00000E+00  0.00000E+00  0.00000E+00  0.00000E+00  0.00000E+00  0.00000E+00  0.00000E+00  0.00000E+00  0.00000E+00  0.00000E+00  0.00000E+00  0.00000E+00  0.00000E+00
 OMEGA(7,6)    0.00000E+00  0.00000E+00  0.00000E+00  0.00000E+00  0.00000E+00  0.00000E+00  0.00000E+00  0.00000E+00  0.00000E+00  0.00000E+00  0.00000E+00  0.00000E+00  0.00000E+00  0.00000E+00  0.00000E+00  0.00000E+00  0.00000E+00  0.00000E+00  0.00000E+00  0.00000E+00  0.00000E+00  0.00000E+00  0.00000E+00  0.00000E+00  0.00000E+00  0.00000E+00  0.00000E+00  0.00000E+00  0.00000E+00  0.00000E+00  0.00000E+00  0.00000E+00  0.00000E+00  0.00000E+00  0.00000E+00  0.00000E+00  0.00000E+00  0.00000E+00  0.00000E+00  0.00000E+00  0.00000E+00  0.00000E+00  0.00000E+00  0.00000E+00
 OMEGA(7,7)    5.07550E-03  1.20098E-04  8.01561E-03 -2.97091E-02  6.20760E-04 -1.15307E-03 -2.86476E-04  2.49035E-03  3.69906E-05  5.09602E-02  1.16055E-03  4.63178E-04 -1.17861E-03 -1.01350E-05  0.00000E+00  0.00000E+00 -6.30018E-05  0.00000E+00 -5.55195E-03  0.00000E+00  0.00000E+00 -2.27575E-05  0.00000E+00  0.00000E+00  0.00000E+00  0.00000E+00  0.00000E+00  0.00000E+00  0.00000E+00  0.00000E+00 -1.53062E-03  0.00000E+00  0.00000E+00  0.00000E+00  0.00000E+00  0.00000E+00 -1.05215E-04  0.00000E+00  0.00000E+00  0.00000E+00  0.00000E+00  0.00000E+00  0.00000E+00  5.44552E-03
